300,300,300,300,300,300,300
290.0,290.01,290.0,290.0,290.0,290.0,290.0
285.0,285.025,285.0,285.005,285.005,285.0,285.005
281.6666666666667,281.705,281.6666666666667,281.675,281.6716666666667,281.6666666666667,281.67833333333334
279.1666666666667,279.215,279.1666666666667,279.175,279.1766666666667,279.1666666666667,279.17833333333334
277.1666666666667,277.22099999999995,277.1666666666667,277.183,277.1806666666667,277.1666666666667,277.18033333333335
275.5,275.57099999999997,275.5,275.5163333333333,275.5156666666667,275.5,275.51366666666667
274.07142857142856,274.1524285714285,274.07142857142856,274.0891904761904,274.08709523809523,274.07142857142856,274.0865238095238
272.82142857142856,272.90867857142854,272.82142857142856,272.8441904761904,272.83834523809526,272.82142857142856,272.8365238095238
271.71031746031747,271.803123015873,271.71031746031747,271.73530158730154,271.72834523809524,271.71031746031747,271.728746031746
270.71031746031747,270.810123015873,270.71031746031747,270.7363015873015,270.72834523809524,270.71031746031747,270.73074603174604
269.80122655122653,269.90557756132756,269.80122655122653,269.82993795093785,269.8201634199134,269.80122655122653,269.8225642135642
268.9678932178932,269.07974422799424,268.9678932178932,268.99743795093787,268.98849675324675,268.9678932178932,268.9900642135642
268.19866244866245,268.3166673049173,268.19866244866245,268.22974564324556,268.2223429070929,268.19866244866245,268.2223719058719
267.4843767343767,267.61023873348876,267.4843767343767,267.5168885003884,267.50948576423576,267.4843767343767,267.50951476301475
266.81771006771004,266.9482387334888,266.81771006771004,266.8515551670551,266.84348576423577,266.81771006771004,266.8448480963481
266.19271006771004,266.3282387334888,266.19271006771004,266.2271801670551,266.2191107642358,266.19271006771004,266.2198480963481
265.6044747735924,265.7447093217241,265.6044747735924,265.64070957881984,265.6314637054123,265.6044747735924,265.63161280223045
265.0489192180369,265.19415376616854,265.0489192180369,265.0873762454865,265.07646370541227,265.0489192180369,265.0782794688971
264.5226034285632,264.67152218722117,264.5226034285632,264.5615867718023,264.551726863307,264.5226034285632,264.5519636794234
264.0226034285632,264.1755221872212,264.0226034285632,264.0630867718023,264.052226863307,264.0226034285632,264.05346367942343
263.5464129523727,263.7012364729355,263.5464129523727,263.5888010575166,263.5774649585451,263.5464129523727,263.57774939370915
263.09186749782725,263.25169101839003,263.09186749782725,263.13516469388026,263.12382859490873,263.09186749782725,263.12456757552735
262.6570848891316,262.8234301488248,262.6570848891316,262.701251650402,262.6894807688218,262.6570848891316,262.6897849668317
262.24041822246494,262.4109301488248,262.24041822246494,262.286251650402,262.2728141021551,262.24041822246494,262.27353496683173
261.84041822246496,262.0141301488248,261.84041822246496,261.887451650402,261.8736141021551,261.84041822246496,261.8743349668317
261.4558028378496,261.6333609180556,261.4558028378496,261.5039901119405,261.4893833329243,261.4558028378496,261.4904888129856
261.0854324674792,261.26743499212967,261.0854324674792,261.1351012230516,261.1197537032947,261.0854324674792,261.1212295537263
260.7282896103364,260.9142207064154,260.7282896103364,260.778672651623,260.762967989009,260.7282896103364,260.76515812515487
260.38346202412947,260.57318622365676,260.38346202412947,260.43556920334714,260.4191748855607,260.38346202412947,260.4210201941204
260.05012869079616,260.2435195569901,260.05012869079616,260.10290253668046,260.0871748855607,260.05012869079616,260.0883535274537
259.7275480456349,259.92416471828045,259.7275480456349,259.781934794745,259.7658845629801,259.7275480456349,259.7667406242279
259.4150480456349,259.61603971828043,259.4150480456349,259.470372294745,259.4540095629801,259.4150480456349,259.45549062422793
259.11201774260456,259.31846396070466,259.11201774260456,259.1685541129268,259.15158532055585,259.11201774260456,259.1533694121067
258.8179000955457,259.0281698430576,258.8179000955457,258.8756129364562,258.85864414408525,258.8179000955457,258.85954588269493
258.53218580983145,258.7450269859147,258.53218580983145,258.59104150788477,258.5732155726567,258.53218580983145,258.57468873983777
258.2544080320537,258.4700269859147,258.2544080320537,258.31409706344033,258.2954377948789,258.2544080320537,258.2980220731711
257.9841377617834,258.20164860753636,257.9841377617834,258.0449078742511,258.0257080651492,257.9841377617834,258.0288328839819
257.7209798670466,257.9403328180627,257.7209798670466,257.782013137409,257.7628133283071,257.7209798670466,257.76646446292926
257.4645696106363,257.6875123052422,257.4645696106363,257.5266285220244,257.5066594821533,257.4645696106363,257.5103106167754
257.2145696106363,257.4400123052422,257.2145696106363,257.2776285220244,257.25715948215327,257.2145696106363,257.2608106167754
256.9706671716119,257.19854889060804,256.9706671716119,257.03445779031705,257.0135009455679,256.9706671716119,257.0176398850681
256.7325719335167,256.96283460489377,256.7325719335167,256.79731493317416,256.77611999318697,256.7325719335167,256.78002083744906
256.5000137939818,256.73283460489375,256.5000137939818,256.5649893517788,256.5444920862102,256.5000137939818,256.5481603723328
256.27274106670905,256.50783460489373,256.27274106670905,256.33885298814243,256.3174466316647,256.27274106670905,256.32179673596914
256.0505188444868,256.2891679382271,256.0505188444868,256.1175196548091,256.09677996499806,256.0505188444868,256.10001895819136
255.833127540139,256.0746027208358,255.833127540139,255.90056313306997,255.87982344325894,255.833127540139,255.88306243645224
255.6203615826922,255.86438995487836,255.6203615826922,255.6884354734955,255.6679085496419,255.6203615826922,255.67093477687777
255.41202824935885,255.6583482882117,255.41202824935885,255.48135214016216,255.4604085496419,255.41202824935885,255.46405977687778
255.20794661670578,255.4567156351505,255.20794661670578,255.2776786707744,255.2569391618868,255.20815069833844,255.26059038912268
255.0079466167058,255.25971563515049,255.0079466167058,255.0780786707744,255.05773916188681,255.00815069833845,255.06079038912267
254.81186818533325,255.0659901449544,254.81186818533325,254.88337278842147,254.86264112267114,254.8120722669659,254.86510411461288
254.61956049302557,254.8756055295698,254.61956049302557,254.6920266345753,254.67052573805574,254.61976457465823,254.6735656530744
254.43088124774255,254.68937911447546,254.43088124774255,254.50429078551872,254.48203517201802,254.4310853293752,254.4856411247725
254.24569606255736,254.50660133669768,254.24569606255736,254.3194759707039,254.2974055423884,254.24590014419002,254.30138186551326
254.06387788073917,254.32623770033405,254.06387788073917,254.1385668797948,254.11667826966112,254.06408196237183,254.12029095642237
253.88530645216775,254.1508805574769,253.88530645216775,253.96070973693767,253.93846398394683,253.8855105338004,253.94243381356523
253.70986785567652,253.97789810133656,253.70986785567652,253.78649921062188,253.76390258043807,253.71024737590568,253.7671706556705
253.53745406257306,253.80703603237106,253.53745406257306,253.61460265889775,253.59217844250705,253.53783358280222,253.59492927636015
253.36796253714934,253.63940891372698,253.36796253714934,253.44545011652488,253.42370386623585,253.3683420573785,253.42645470008895
253.20129587048268,253.47507558039365,253.20129587048268,253.28028344985822,253.25753719956919,253.20167539071184,253.26095470008894
253.03736144425318,253.31278049842643,253.03736144425318,253.1168408269074,253.09442244547083,253.03774096448234,253.0973481427119
252.87607112167254,253.15358695003934,252.87607112167254,252.9561956656171,252.9337772841805,252.8764506419017,252.93670298142158
252.7173409629424,252.9964440928965,252.7173409629424,252.79794169736311,252.7763169667202,252.71772048317155,252.77860774332635
252.5610909629424,252.8416003428965,252.5610909629424,252.64216044736312,252.6208482167202,252.56147048317155,252.62267024332635
252.40724480909623,252.69021572751188,252.40724480909623,252.4890835242862,252.46761744748943,252.4076243293254,252.4694394740956
252.25572965758107,252.54021572751188,252.25572965758107,252.33787140307408,252.31655684142882,252.25610917781023,252.3194394740956
252.10647592623778,252.39364856333276,252.10647592623778,252.1893639403875,252.16804937874224,252.10685544646694,252.17063350394633
251.95941710270836,252.24806032803863,251.95941710270836,252.04333452862278,252.02157879050694,251.95979662293752,252.02430997453456
251.81448956647648,252.10530670485022,251.81448956647648,251.89956641268074,251.8769411093475,251.81501401424185,251.87981722091138
251.67163242361934,251.96430670485023,251.67163242361934,251.75785212696647,251.73422682363324,251.67215687138471,251.73753150662566
251.5307873531968,251.82571515555446,251.5307873531968,251.61771128189605,251.5935225982811,251.5313118009622,251.59767235169608
251.39189846430793,251.68932626666557,251.39189846430793,251.4795168374516,251.4550503760589,251.3924229120733,251.45947790725162
251.25491216293807,251.55480571872036,251.25491216293807,251.3436264264927,251.31861201989452,251.25543661070344,251.32290256478586
251.11977702780294,251.42169761061226,251.11977702780294,251.2090318318981,251.18388229016477,251.1203014755683,251.18857824046154
250.9864436944696,251.28996427727893,250.9864436944696,251.07649849856477,251.05094895683143,250.98696814223499,251.05591157379487
250.8548647471012,251.16062217201576,250.8548647471012,250.94623534067003,250.91963316735774,250.85538919486658,250.92525367905805
250.72499461723106,251.03244035383395,250.72499461723106,250.81714443157912,250.7902825180071,250.72551906499643,250.7959030297074
250.59678948902592,250.9060300974237,250.59678948902592,250.68932391875862,250.6631030308276,250.5973139367913,250.6682107220151
250.4702072105449,250.78159971767687,250.4702072105449,250.5628682225561,250.53677391690357,250.47085824058877,250.54289426631888
250.3452072105449,250.65872471767688,250.3452072105449,250.43811822255608,250.41239891690358,250.34585824058877,250.41914426631888
250.22175042042144,250.5367494090349,250.22175042042144,250.31527871638323,250.28943595394063,250.2224014504653,250.29630476014603
250.09979920090925,250.41699331147393,250.09979920090925,250.19369335052957,250.16760668564794,250.1004502309531,250.17471939429237
249.9793172731984,250.29843909460647,249.9793172731984,250.07357286860187,250.04784764950335,249.97996830324226,250.0548398762201
249.86026965415078,250.18153433270172,249.86026965415078,249.9548823924114,249.9292762209319,249.86092068419464,249.93626844764864
249.74262259532725,250.0658872738782,249.74262259532725,249.83829415711728,249.81209975034366,249.74339127242993,249.8190919770604
249.6263435255598,249.95146866922704,249.6263435255598,249.72294531990798,249.69640207592505,249.6271122026625,249.70316174450227
249.51140099682416,249.83802039336499,249.51140099682416,249.60869244634475,249.58214920236182,249.5122846164556,249.58890887093904
249.3977646331878,249.72608857518316,249.3977646331878,249.49562426452655,249.46908102054363,249.3986482528192,249.4757270527572
249.285405082626,249.61541441787978,249.285405082626,249.38382651171756,249.3571709081841,249.28628870225742,249.3637045808471
249.17429397151489,249.5065255289909,249.17429397151489,249.27371540060645,249.24661535262854,249.1751775911463,249.25348235862486
249.06440386162478,249.3985035509689,249.06440386162478,249.16415496104602,249.13738458339776,249.0652874812562,249.14381202895453
248.95570820945088,249.29111224662108,248.95570820945088,249.05611148278516,249.02912371383255,248.95670052473446,249.0355511593893
248.84818132773046,249.18573590253507,248.84818132773046,248.94955234300022,248.9219194127573,248.84917364301404,248.92845438519578
248.74179834900704,249.0809486684925,248.74179834900704,248.8440204281066,248.81585558297004,248.74289704726937,248.82281608732345
248.6365351911123,248.97789603691356,248.6365351911123,248.73949411231712,248.71122400402268,248.63773915253253,248.7179739820603
248.53236852444564,248.8756043702469,248.53236852444564,248.63563994565044,248.607369837356,248.53357248586588,248.61411981539362
248.42927574094048,248.77416107127783,248.42927574094048,248.53306262606282,248.50510179611888,248.43058279514423,248.511542495806
248.32723492461395,248.6736508671962,248.32723492461395,248.43173609545056,248.40387730632295,248.3285419788177,248.4101139243774
248.22622482360384,248.57375187729718,248.22622482360384,248.33143306514754,248.30357427601993,248.2276328879086,248.30960887387235
248.12622482360385,248.4746518772972,248.12622482360385,248.23163306514755,248.20367427601994,248.12763288790862,248.20990887387234